loss: 0.03904437646269798 
accuracy: 0.9901000261306763